cam0:
  T_cam_imu:
    [0.9999900461168811, -0.002713889358029088, -0.0035415352193672585, 0.006616378611117079,
     0.0027122187285201016, 0.9999962084290271, -0.0004764421666236721, -0.0008609022437331482,
     0.0035428148027108384, 0.0004668320060243513, 0.9999936152451933, -0.014328780118077658,
     0.0, 0.0, 0.0, 1.0]
  camera_model: pinhole
  distortion_coeffs: [0.008426070419227778, -0.008716077695664496, -0.00025592479290646573, -3.37079020093724e-05]
  distortion_model: radtan
  intrinsics: [385.1651286408366, 385.28018897190884, 320.8758306145941, 239.47481607880331]
  resolution: [640, 480]
  rostopic: /camera/infra1/image_rect_raw
  timeshift_cam_imu: 0.006195488579456344
cam1:
  T_cam_imu:
    [0.9999961092105007, -0.0026540876320331357, -0.0008587099057134765, -0.04261177833727581,
     0.002652573681674883, 0.9999949341457864, -0.00175941343288782, -0.0009015414052806057,
     0.0008633751930461429, 0.001757128796084421, 0.9999980835389988, -0.014431684163245015,
     0.0, 0.0, 0.0, 1.0]
  T_cn_cnm1:
    [0.9999963994176643, 5.8539732584421155e-05, 0.0026828575822495006, -0.049189640652205636,
     -5.509730695675709e-05, 0.9999991752127871, -0.0012831749810382617, -5.866165912165638e-05,
     -0.0026829304861831224, 0.001283022542633361, 0.9999955778588029, -8.411156818660993e-05,
     0.0, 0.0, 0.0, 1.0]
  camera_model: pinhole
  distortion_coeffs: [0.008716710604720592, -0.00960603290130993, 4.8014384987247944e-05, -0.0009436322210570335]
  distortion_model: radtan
  intrinsics: [384.6945318935392, 385.02155515753424, 320.3208490759737, 239.8473980445484]
  resolution: [640, 480]
  rostopic: /camera/infra2/image_rect_raw
  timeshift_cam_imu: 0.006183972011597364
T_imu_body:
  [1.0, 0.0, 0.0, 0.0,
   0.0, 1.0, 0.0, 0.0,
   0.0, 0.0, 1.0, 0.0,
   0.0, 0.0, 0.0, 1.0]
