cam0:
  T_cam_imu:
    [0.9997480790727413, 0.008650476275718817, 0.020711051411451437, 0.005097189074560232,
     -0.008035718850444119, 0.9995299962179797, -0.029584013977873, -0.01475345846340343,
     -0.020957232950014552, 0.02941013295940013, 0.9993477064897833, -0.04839569353205132,
      0.0, 0.0, 0.0, 1.0]
  camera_model: pinhole
  distortion_coeffs: [-0.03226636670778366, 0.0003931804672659022, 0.008353784682046634, -0.007038191371253057]
  distortion_model: radtan
  intrinsics: [354.7403875723961, 354.8415169510063, 310.86471409269535, 255.35000497817595]
  resolution: [640, 480]
  rostopic: /camera/infra1/image_rect_raw
  timeshift_cam_imu: 0.006306472293513021
cam1:
  T_cam_imu:
    [0.9999590372976124, 0.006150082071691174, 0.006640799450668524, -0.043488556735016136,
     -0.005935428376045858, 0.9994742958867145, -0.03187322625259947, -0.014908827781241224,
     -0.0068333313124248705, 0.03183250464961921, 0.9994698580902313, -0.04838368950669491,
      0.0, 0.0, 0.0, 1.0]
  T_cn_cnm1:
    [0.9998978657676042, -0.0020846596795994583, -0.014139032053394458, -0.049300249414172104,
     0.0020518675397666894, 0.999995172592277, -0.0023333734672991895, -0.0002788245228224695,
     0.014143828088106679, 0.002304123729077137, 0.9998973162984546, -3.1065395865905616e-05,
     0.0, 0.0, 0.0, 1.0]
  camera_model: pinhole
  distortion_coeffs: [-0.028986729162730197, -0.0027367758641617507, 0.007865358215188651, -0.005477133412785431]
  distortion_model: radtan
  intrinsics: [353.50267735887127, 354.55831467292893, 316.5091489552856, 256.2085213899764]
  resolution: [640, 480]
  rostopic: /camera/infra2/image_rect_raw
  timeshift_cam_imu: 0.006319293349844351
T_imu_body:
  [1.0, 0.0, 0.0, 0.0,
   0.0, 1.0, 0.0, 0.0,
   0.0, 0.0, 1.0, 0.0,
   0.0, 0.0, 0.0, 1.0]